34561 2020  1  1 0  -0.3   0.9   2.6   0.0
34561 2020  1  2 0  -3.2  -0.4   1.4   0.0
34561 2020  1  3 0  -3.9  -1.6   0.4   0.0
34561 2020  1  4 0  -0.9   0.5   3.5   0.0
34561 2020  1  5 0  -1.7   0.0   2.1   0.1
34561 2020  1  6 0   0.3   1.7   3.3   0.1
34561 2020  1  7 0  -4.3  -2.1   2.1   1.5
34561 2020  1  8 0  -3.4  -2.7  -1.7   3.1
34561 2020  1  9 0  -6.4  -3.7  -1.8   0.0
34561 2020  1 10 0  -4.1  -3.0  -2.1   0.8
34561 2020  1 11 0  -2.5  -1.4   0.2   0.0
34561 2020  1 12 0  -1.7  -0.4   0.7  12.6
34561 2020  1 13 0  -2.7  -2.2  -1.5   0.0
34561 2020  1 14 0  -1.6   0.5   1.5   0.0
34561 2020  1 15 0  -1.7  -0.3   1.0   0.0
34561 2020  1 16 0  -4.0  -1.7   0.3   0.0
34561 2020  1 17 0  -2.2  -1.6  -0.5   0.1
34561 2020  1 18 0  -2.4  -0.5   0.9   0.4
34561 2020  1 19 0  -2.2   0.1   2.1   0.0
34561 2020  1 20 0  -3.8  -1.5   0.4   0.0
34561 2020  1 21 0  -4.1  -1.7   0.2   0.1
34561 2020  1 22 0  -1.1   0.2   1.7   0.7
34561 2020  1 23 0  -2.9  -0.1   1.5   3.8
34561 2020  1 24 0  -9.6  -5.6  -2.4   1.8
34561 2020  1 25 0  -6.8  -1.5   0.2   2.6
34561 2020  1 26 0  -0.5   0.5   1.2   0.1
34561 2020  1 27 0  -4.0  -1.3   1.1   0.0
34561 2020  1 28 0  -0.2   0.7   3.2   0.3
34561 2020  1 29 0  -0.7   0.3   1.2   4.2
34561 2020  1 30 0   0.4   2.3   4.9   4.5
34561 2020  1 31 0   0.7   2.0   3.3   0.0
34561 2020  2  1 0  -1.9  -0.1   2.7   0.0
34561 2020  2  2 0  -2.1   1.6   4.2   0.7
34561 2020  2  3 0   2.1   6.0   7.7   2.5
34561 2020  2  4 0   0.3   2.7   5.5   5.1
34561 2020  2  5 0  -0.2   1.6   4.0   0.0
34561 2020  2  6 0  -2.4  -0.9   2.2  17.0
34561 2020  2  7 0  -3.9  -2.8  -0.5   4.9
34561 2020  2  8 0 -12.3  -9.1  -3.9   0.0
34561 2020  2  9 0 -11.3  -9.8  -8.0   0.6
34561 2020  2 10 0 -16.6 -12.9  -8.8   0.0
34561 2020  2 11 0 -12.2  -7.9  -4.6   0.0
34561 2020  2 12 0 -10.7  -7.1  -2.8   1.6
34561 2020  2 13 0  -2.9  -0.1   0.8   2.1
34561 2020  2 14 0  -3.8  -1.1   0.9   1.5
34561 2020  2 15 0  -4.1  -0.8   3.9   0.0
34561 2020  2 16 0  -2.6   0.4   6.6   0.0
34561 2020  2 17 0  -6.3  -2.9   1.7   0.0
34561 2020  2 18 0  -2.9  -0.3   3.2   0.0
34561 2020  2 19 0  -1.4   1.2   5.1   0.0
34561 2020  2 20 0  -1.5   0.4   1.8   1.3
34561 2020  2 21 0  -0.6   2.1   4.6   0.1
34561 2020  2 22 0  -1.2   0.1   3.4   0.0
34561 2020  2 23 0  -1.7  -0.6   1.2   0.6
34561 2020  2 24 0   0.2   1.9   3.2   6.2
34561 2020  2 25 0   1.4   2.5   4.4   5.2
34561 2020  2 26 0  -3.3   1.5   7.6   0.0
34561 2020  2 27 0   1.8   7.1  15.0   0.0
34561 2020  2 28 0   4.2   6.5  11.4   0.6
34561 2020  2 29 0  -1.2   3.5   8.4   0.0
34561 2020  3  1 0   0.4   3.8   8.1   0.0
34561 2020  3  2 0  -1.1   3.4   8.1   0.0
34561 2020  3  3 0  -2.9   2.7   8.4   0.7
34561 2020  3  4 0   4.4   9.0  15.8   0.1
34561 2020  3  5 0   2.8   6.8  12.9   0.0
34561 2020  3  6 0   0.0   4.7  11.6   0.0
34561 2020  3  7 0   3.3   6.4  11.4   0.0
34561 2020  3  8 0   2.2   6.9  12.4   0.0
34561 2020  3  9 0   0.5   5.5  10.4   0.0
34561 2020  3 10 0   1.1   7.1  16.4   0.0
34561 2020  3 11 0   3.7   8.2  14.8   0.0
34561 2020  3 12 0   7.0   9.4  13.9   0.4
34561 2020  3 13 0   3.0   8.0  14.8   0.0
34561 2020  3 14 0   5.6   9.5  15.5   0.0
34561 2020  3 15 0   1.2   3.2   6.6   0.0
34561 2020  3 16 0  -7.3  -2.0   2.3   0.0
34561 2020  3 17 0  -0.4   3.2   8.6   0.0
34561 2020  3 18 0   0.0   5.0   9.8   0.0
34561 2020  3 19 0   3.3   6.5  11.1   0.0
34561 2020  3 20 0   2.2   6.3  13.0   0.0
34561 2020  3 21 0   1.3   6.3  11.2   0.0
34561 2020  3 22 0   2.8   6.6  10.9   0.1
34561 2020  3 23 0   0.6   5.7   9.2   0.6
34561 2020  3 24 0  -4.3  -1.8   0.6   0.0
34561 2020  3 25 0  -0.8   2.1   7.5   0.0
34561 2020  3 26 0   0.1   5.1  12.7   0.0
34561 2020  3 27 0   3.8  10.1  16.1   0.0
34561 2020  3 28 0   3.8  10.3  17.5   0.0
34561 2020  3 29 0   4.5  11.0  18.4   0.0
34561 2020  3 30 0   4.9  11.4  18.9   0.0
34561 2020  3 31 0   7.5  13.4  20.1   0.0
34561 2020  4  1 0  -1.0   4.5  17.1   0.0
34561 2020  4  2 0  -3.1   2.5   9.3   0.0
34561 2020  4  3 0   1.2   6.7  12.6   0.0
34561 2020  4  4 0   1.9   9.2  15.2   0.0
34561 2020  4  5 0   5.9   9.7  14.1   0.0
34561 2020  4  6 0   0.3   3.8  10.2   0.0
34561 2020  4  7 0  -3.8   2.2   7.6   0.0
34561 2020  4  8 0  -0.6   5.6  13.0   0.0
34561 2020  4  9 0   4.1   8.8  14.0   0.0
34561 2020  4 10 0   3.0   8.8  14.6   0.0
34561 2020  4 11 0   2.0   7.8  16.0   0.5
34561 2020  4 12 0   0.2   3.8   7.4   0.1
34561 2020  4 13 0   0.6   6.6  14.1   0.0
34561 2020  4 14 0   4.6  11.0  17.6   0.0
34561 2020  4 15 0   5.4  11.0  18.4   0.8
34561 2020  4 16 0   1.2   4.8   9.3   1.5
34561 2020  4 17 0   6.6  10.7  16.8   0.0
34561 2020  4 18 0   5.6  10.8  15.5   0.0
34561 2020  4 19 0   5.4  10.1  15.1   0.0
34561 2020  4 20 0   4.9   8.3  13.5  12.2
34561 2020  4 21 0   1.6   6.4  12.5   0.1
34561 2020  4 22 0   2.8   7.0  11.4   0.0
34561 2020  4 23 0   0.8   5.2   9.9   0.0
34561 2020  4 24 0   4.3  10.5  17.9   0.0
34561 2020  4 25 0   9.2  14.4  19.6   0.0
34561 2020  4 26 0   6.4  12.3  17.7   0.0
34561 2020  4 27 0   9.9  12.0  15.4   0.0
34561 2020  4 28 0   6.7   9.8  14.4   0.0
34561 2020  4 29 0   4.7  12.1  18.9   0.0
34561 2020  4 30 0  12.9  17.3  22.5   0.0
34561 2020  5  1 0   7.9  16.3  23.4   0.0
34561 2020  5  2 0  11.6  16.4  22.8  43.6
34561 2020  5  3 0  14.2  17.9  25.3   0.3
34561 2020  5  4 0  13.6  19.6  26.9   0.0
34561 2020  5  5 0  14.5  19.5  25.9   2.2
34561 2020  5  6 0  13.0  18.4  24.7   2.3
34561 2020  5  7 0  13.6  16.1  22.8   5.6
34561 2020  5  8 0  13.2  15.9  19.5   5.2
34561 2020  5  9 0  10.9  13.2  17.5   0.0
34561 2020  5 10 0   7.8  12.3  17.2   0.0
34561 2020  5 11 0   9.2  12.7  17.8   3.3
34561 2020  5 12 0   9.5  17.0  24.7   0.0
34561 2020  5 13 0  10.2  17.0  23.1   0.0
34561 2020  5 14 0   4.2  10.3  15.7   0.0
34561 2020  5 15 0   9.9  14.6  22.0   0.0
34561 2020  5 16 0   7.6  10.6  17.5   4.2
34561 2020  5 17 0   5.6  12.0  19.3   0.0
34561 2020  5 18 0  11.1  12.5  17.8   2.2
34561 2020  5 19 0   9.0  11.8  15.1   1.2
34561 2020  5 20 0   9.9  11.9  15.1   4.4
34561 2020  5 21 0   9.8  13.8  18.7   0.4
34561 2020  5 22 0  10.4  11.9  14.9   9.0
34561 2020  5 23 0   8.4   9.6  11.1  19.2
34561 2020  5 24 0   5.5  12.1  18.0   0.0
34561 2020  5 25 0   8.9  15.6  20.6   0.0
34561 2020  5 26 0  11.0  14.7  19.4  18.8
34561 2020  5 27 0   9.6  15.1  22.2   0.0
34561 2020  5 28 0  14.0  19.6  27.5   0.0
34561 2020  5 29 0  17.6  23.7  30.1   0.0
34561 2020  5 30 0  15.9  21.1  29.6   1.2
34561 2020  5 31 0  13.1  18.0  22.7   0.0
34561 2020  6  1 0  14.8  18.2  23.8   5.2
34561 2020  6  2 0  14.4  18.2  25.0   9.3
34561 2020  6  3 0  17.1  21.1  26.9   0.8
34561 2020  6  4 0  15.3  19.6  24.6   0.0
34561 2020  6  5 0  14.1  18.7  23.7   4.8
34561 2020  6  6 0  15.2  21.0  26.8   0.0
34561 2020  6  7 0  17.7  24.0  28.4   0.0
34561 2020  6  8 0  18.9  25.4  31.2   0.0
34561 2020  6  9 0  20.2  26.8  32.0   0.0
34561 2020  6 10 0  20.5  27.2  33.0   0.0
34561 2020  6 11 0  21.7  28.7  35.1   0.0
34561 2020  6 12 0  21.7  29.3  35.9   0.0
34561 2020  6 13 0  22.4  29.5  36.4   0.0
34561 2020  6 14 0  23.0  27.8  34.7   0.0
34561 2020  6 15 0  19.5  25.3  30.4   0.0
34561 2020  6 16 0  18.6  25.2  30.7   0.0
34561 2020  6 17 0  18.8  26.2  32.7   0.0
34561 2020  6 18 0  18.9  27.0  34.6   0.0
34561 2020  6 19 0  21.4  28.6  35.3   0.0
34561 2020  6 20 0  23.9  28.7  34.7   0.0
34561 2020  6 21 0  24.1  28.6  32.4   0.0
34561 2020  6 22 0  19.8  24.7  31.8   0.0
34561 2020  6 23 0  18.8  23.3  29.8   0.0
34561 2020  6 24 0  21.4  25.5  33.5   0.0
34561 2020  6 25 0  15.0  20.9  28.0   1.4
34561 2020  6 26 0  13.4  19.9  26.3   0.0
34561 2020  6 27 0  16.8  23.3  30.3   0.0
34561 2020  6 28 0  20.8  26.7  33.1   0.0
34561 2020  6 29 0  20.6  25.2  31.7   0.9
34561 2020  6 30 0  16.1  21.2  27.4   3.5
34561 2020  7  1 0  16.7  24.0  30.4   0.0
34561 2020  7  2 0  22.0  26.0  34.2   6.1
34561 2020  7  3 0  22.0  27.8  34.3   0.1
34561 2020  7  4 0  21.6  28.9  34.7   0.0
34561 2020  7  5 0  23.7  30.4  35.9   0.0
34561 2020  7  6 0  21.8  30.8  38.2   0.0
34561 2020  7  7 0  24.7  33.0  39.7   0.0
34561 2020  7  8 0  23.8  32.5  41.0   0.0
34561 2020  7  9 0  23.8  29.2  37.0   0.0
34561 2020  7 10 0  19.1  25.5  31.2   0.0
34561 2020  7 11 0  18.1  25.7  33.3   0.0
34561 2020  7 12 0  24.5  29.7  37.6   0.0
34561 2020  7 13 0  23.0  30.6  39.5   0.0
34561 2020  7 14 0  22.6  27.0  37.0   0.0
34561 2020  7 15 0  19.5  24.3  28.3   0.0
34561 2020  7 16 0  17.8  24.3  30.8   0.0
34561 2020  7 17 0  21.2  26.8  33.0   0.0
34561 2020  7 18 0  22.2  26.2  31.1   0.0
34561 2020  7 19 0  19.1  25.2  31.7   0.0
34561 2020  7 20 0  21.0  24.5  30.9   0.1
34561 2020  7 21 0  21.8  26.2  31.2   0.0
34561 2020  7 22 0  19.3  26.1  31.7   0.0
34561 2020  7 23 0  19.1  24.3  30.1   0.8
34561 2020  7 24 0  17.0  23.0  28.3   0.0
34561 2020  7 25 0  18.4  23.8  29.5   0.0
34561 2020  7 26 0  19.5  26.0  31.9   0.0
34561 2020  7 27 0  20.0  26.7  32.1   0.0
34561 2020  7 28 0  20.7  27.1  32.2   0.0
34561 2020  7 29 0  20.5  27.5  33.1   0.0
34561 2020  7 30 0  22.6  29.0  35.4   0.0
34561 2020  7 31 0  25.4  29.9  34.8   0.0
34561 2020  8  1 0  18.4  22.1  28.8   4.1
34561 2020  8  2 0  15.4  20.3  26.1   0.0
34561 2020  8  3 0  15.9  21.9  27.5   0.0
34561 2020  8  4 0  14.8  22.1  27.5   0.0
34561 2020  8  5 0  18.0  23.2  30.7   0.7
34561 2020  8  6 0  20.7  27.7  35.7   0.0
34561 2020  8  7 0  22.2  29.4  34.7   0.0
34561 2020  8  8 0  21.3  26.3  32.4   0.0
34561 2020  8  9 0  16.7  23.0  28.4   0.0
34561 2020  8 10 0  17.7  23.5  29.1   0.0
34561 2020  8 11 0  17.8  24.3  30.4   0.0
34561 2020  8 12 0  19.9  23.8  30.9   0.6
34561 2020  8 13 0  16.3  20.9  26.2   0.0
34561 2020  8 14 0  13.5  18.9  24.7   0.0
34561 2020  8 15 0  11.4  16.3  21.8   0.0
34561 2020  8 16 0  10.7  17.2  23.3   0.0
34561 2020  8 17 0  14.4  20.9  28.4   0.0
34561 2020  8 18 0  18.6  24.7  30.8   0.0
34561 2020  8 19 0  18.7  24.5  30.9   0.0
34561 2020  8 20 0  17.3  23.7  28.3   0.0
34561 2020  8 21 0  17.3  22.0  26.7   0.0
34561 2020  8 22 0  16.4  20.6  24.6   0.0
34561 2020  8 23 0  14.6  19.8  24.7   0.0
34561 2020  8 24 0  13.8  20.1  26.0   0.0
34561 2020  8 25 0  18.7  23.8  30.3   0.0
34561 2020  8 26 0  19.2  24.8  30.3   0.0
34561 2020  8 27 0  17.4  24.2  32.0   0.0
34561 2020  8 28 0  18.2  22.9  29.8   3.5
34561 2020  8 29 0  16.2  21.7  26.7   0.0
34561 2020  8 30 0  17.4  22.6  28.9   0.0
34561 2020  8 31 0  17.3  24.0  30.8   0.0
34561 2020  9  1 0  19.3  26.2  34.2   0.0
34561 2020  9  2 0  19.5  27.4  35.1   0.0
34561 2020  9  3 0  16.7  23.2  32.0   0.0
34561 2020  9  4 0  14.3  20.1  25.5   0.0
34561 2020  9  5 0  13.9  20.7  28.2   0.0
34561 2020  9  6 0  15.6  21.4  27.1   0.0
34561 2020  9  7 0  18.5  22.3  27.1   0.0
34561 2020  9  8 0  17.1  22.1  28.7   0.0
34561 2020  9  9 0  15.0  20.4  25.6   0.0
34561 2020  9 10 0  11.5  18.5  24.7   0.0
34561 2020  9 11 0  18.2  23.0  29.7   0.0
34561 2020  9 12 0  15.0  19.6  27.1   0.0
34561 2020  9 13 0  11.5  17.0  23.1   0.0
34561 2020  9 14 0  14.5  19.3  27.2   0.0
34561 2020  9 15 0  11.6  17.5  22.5   0.0
34561 2020  9 16 0  14.1  17.1  20.9   0.0
34561 2020  9 17 0   8.3  15.7  22.6   0.0
34561 2020  9 18 0   9.7  17.0  24.0   0.0
34561 2020  9 19 0   9.0  13.1  23.2   1.8
34561 2020  9 20 0   7.1  12.7  18.8   0.0
34561 2020  9 21 0   6.4  12.6  19.0   0.0
34561 2020  9 22 0   8.5  14.9  22.0   0.0
34561 2020  9 23 0  12.2  17.5  25.1   0.0
34561 2020  9 24 0  13.0  18.5  23.8   0.0
34561 2020  9 25 0  12.2  18.0  24.8   0.0
34561 2020  9 26 0  13.5  18.0  23.3   0.0
34561 2020  9 27 0   8.9  14.5  20.2   0.0
34561 2020  9 28 0   6.9  13.9  20.1   0.0
34561 2020  9 29 0   6.9  13.8  21.1   0.0
34561 2020  9 30 0   8.4  15.5  23.6   0.0
34561 2020 10  1 0   9.7  16.2  23.1   0.0
34561 2020 10  2 0  10.2  16.2  22.1   0.0
34561 2020 10  3 0   8.3  14.8  21.6   0.0
34561 2020 10  4 0   9.4  15.5  21.4   0.0
34561 2020 10  5 0   9.8  14.4  20.1   0.0
34561 2020 10  6 0   5.8  12.5  19.1   0.0
34561 2020 10  7 0   5.4  12.1  18.8   0.0
34561 2020 10  8 0   4.4  11.3  18.6   0.0
34561 2020 10  9 0   5.6  12.3  19.9   0.0
34561 2020 10 10 0   5.3  12.1  18.1   0.0
34561 2020 10 11 0   5.1  11.5  18.0   0.0
34561 2020 10 12 0   7.1  12.6  18.9   0.0
34561 2020 10 13 0  12.5  15.7  20.7   0.0
34561 2020 10 14 0   7.6  14.9  22.6   0.0
34561 2020 10 15 0   7.9  12.8  19.4   0.0
34561 2020 10 16 0  12.8  17.3  23.6   0.0
34561 2020 10 17 0  13.0  17.7  22.6   0.0
34561 2020 10 18 0   9.1  15.5  22.8   0.0
34561 2020 10 19 0  11.4  14.6  20.1   2.2
34561 2020 10 20 0   5.6   9.2  13.5   5.3
34561 2020 10 21 0   1.5   6.0   9.8   0.0
34561 2020 10 22 0   4.4   6.4   8.9   0.0
34561 2020 10 23 0   8.9  12.8  17.8   0.0
34561 2020 10 24 0  12.5  14.7  17.9   0.1
34561 2020 10 25 0  11.2  14.1  18.5   0.0
34561 2020 10 26 0   5.3   9.1  13.4   0.0
34561 2020 10 27 0   3.3   6.7   9.5   0.0
34561 2020 10 28 0  -0.8   3.4   8.2   0.0
34561 2020 10 29 0   1.5   5.1  10.0   0.0
34561 2020 10 30 0   6.1   9.0  12.0   0.0
34561 2020 10 31 0   9.6  11.3  13.2   0.6
34561 2020 11  1 0   8.8  11.6  16.2   3.4
34561 2020 11  2 0   5.8   8.5  12.0   0.1
34561 2020 11  3 0   7.6   9.3  14.1   0.4
34561 2020 11  4 0   4.8   7.8  12.4   0.0
34561 2020 11  5 0   3.5   7.5  12.6   0.0
34561 2020 11  6 0   3.4   5.8   8.8   0.0
34561 2020 11  7 0   4.6   6.0   7.8   1.2
34561 2020 11  8 0   2.2   6.5  12.1   0.0
34561 2020 11  9 0   6.2   8.5  10.5   0.0
34561 2020 11 10 0  -0.7   2.6   6.6   0.0
34561 2020 11 11 0  -1.2   1.7   4.4   0.0
34561 2020 11 12 0  -1.2   0.6   3.0   0.0
34561 2020 11 13 0  -2.7   0.3   5.1   0.0
34561 2020 11 14 0  -6.2  -2.2   1.3   0.0
34561 2020 11 15 0  -3.7  -1.3  -0.4   0.0
34561 2020 11 16 0  -7.4  -4.7  -1.8   0.0
34561 2020 11 17 0  -6.4  -4.2  -1.5   0.0
34561 2020 11 18 0 -10.7  -6.4  -2.7   0.0
34561 2020 11 19 0 -10.3  -6.4  -1.3   0.0
34561 2020 11 20 0  -8.8  -4.7   1.4   0.0
34561 2020 11 21 0  -7.6  -5.1  -1.7   0.2
34561 2020 11 22 0  -5.1  -4.0  -3.0   2.6
34561 2020 11 23 0  -3.1  -2.0  -0.9   1.0
34561 2020 11 24 0  -1.1   0.6   1.9   1.9
34561 2020 11 25 0   0.3   0.9   2.3   0.6
34561 2020 11 26 0  -0.4   0.5   1.7   0.0
34561 2020 11 27 0  -3.7  -1.5   0.7   0.0
34561 2020 11 28 0  -4.4  -2.5  -0.3   0.0
34561 2020 11 29 0  -0.3   3.5   5.6   0.0
34561 2020 11 30 0  -4.0  -0.9   2.5   0.0
34561 2020 12  1 0  -7.9  -4.7  -1.2   0.0
34561 2020 12  2 0 -13.4  -9.7  -5.0   0.0
34561 2020 12  3 0 -16.4 -12.6  -7.7   0.1
34561 2020 12  4 0 -14.2 -10.6  -4.6   0.1
34561 2020 12  5 0 -14.5 -11.0  -7.3   0.0
34561 2020 12  6 0 -14.1 -11.4  -8.2   0.5
34561 2020 12  7 0 -13.2 -11.4  -9.1   0.2
34561 2020 12  8 0 -12.5 -10.4  -6.5   0.0
34561 2020 12  9 0 -11.1  -8.9  -6.5   0.0
34561 2020 12 10 0 -13.0  -9.9  -6.8   0.0
34561 2020 12 11 0 -12.7 -10.2  -7.6   0.0
34561 2020 12 12 0 -11.6  -8.6  -3.1   0.0
34561 2020 12 13 0 -11.2  -8.2  -5.3   0.0
34561 2020 12 14 0 -11.7  -8.6  -4.6   0.0
34561 2020 12 15 0 -10.5  -8.2  -5.1   0.1
34561 2020 12 16 0  -5.7  -5.1  -4.4   1.9
34561 2020 12 17 0  -4.9  -4.2  -3.2   0.1
34561 2020 12 18 0  -3.5  -1.8   0.0   0.0
34561 2020 12 19 0  -1.4  -0.8   0.2   0.2
34561 2020 12 20 0  -7.3  -4.8  -1.3   3.4
34561 2020 12 21 0  -9.6  -8.0  -5.6   0.3
34561 2020 12 22 0 -14.1 -12.5  -9.6   0.3
34561 2020 12 23 0 -14.0 -11.1  -8.6   0.5
34561 2020 12 24 0  -8.6  -7.8  -6.1   0.0
34561 2020 12 25 0 -13.5 -10.8  -7.3   0.5
34561 2020 12 26 0 -13.8  -6.7   0.5   5.2
34561 2020 12 27 0  -1.2   1.0   2.8   8.1
34561 2020 12 28 0  -4.6  -2.9  -0.4   0.0
34561 2020 12 29 0  -9.8  -7.2  -2.5   0.4
34561 2020 12 30 0  -8.9  -6.7  -5.3   0.4
34561 2020 12 31 0  -5.6  -3.7  -2.3   0.3
